	35
1		 0
0.95		 0.0082		< 0.95		 0.009
0.9		 0.016
0.8		 0.031
0.7		 0.046
0.6		 0.06
0.5		 0.071
0.4		 0.077
0.3		 0.075
0.25		 0.0715		< 0.25		 0.072
0.2		 0.066
0.15		 0.059
0.1		 0.049
0.075		 0.042
0.05		 0.033		< 0.05		 0.034
0.025		 0.0213		< 0.025		 0.022
0.0125		 0.014
0.0		 0.0
0.0125		-0.011
0.025		-0.015
0.05		-0.02
0.075		-0.024
0.1		-0.0267		< 0.1		-0.027
0.15		-0.0297		< 0.15		-0.03
0.2		-0.0315		< 0.2		-0.031
0.25		-0.032
0.3		-0.0325		< 0.3		-0.033
0.4		-0.032
0.5		-0.0295		< 0.5		-0.029
0.6		-0.026
0.7		-0.0215		< 0.7		-0.022
0.8		-0.015
0.9		-0.008
0.95		-0.004
1.		 0.0
